ECB: 4 THREAD: 47.120973 seconds

CBC: 4 THREAD: 56.202858 seconds

CTR: 4 THREAD: 35.746575 seconds

ECB: 4 THREAD: 52.043631 seconds

CBC: 4 THREAD: 52.829616 seconds

CTR: 4 THREAD: 29.285921 seconds

