ECB: 4 THREAD: 42.532956 seconds

CBC: 4 THREAD: 40.514796 seconds

