ECB: 1 THREAD: 100.566714 seconds

CBC: 1 THREAD: 101.278038 seconds

CTR: 1 THREAD: 50.445981 seconds
#######################

