CBC: 1 THREAD: 184.758848 seconds

CBC: 2 THREAD: 95.904576 seconds

CBC: 4 THREAD: 82.040755 seconds

CTR: 1 THREAD: 88.148944 seconds

CTR: 2 THREAD: 47.334714 seconds

CTR: 4 THREAD: 42.417011 seconds

CBC: 1 THREAD: 179.724470 seconds

