ECB: 4 THREAD: 48.304716 seconds

CBC: 4 THREAD: 54.897110 seconds

CFB: 4 THREAD: 37.271318 seconds

CTR: 4 THREAD: 33.755197 seconds

######## 4 THREAD RUN COMPLETE #######

